pars.MAXDV = 5;
pars.DVDELTA = 0.1;
pars.NSTEPS = 40;
pars.SIGMA = 0.223607;
pars.KAPPA = 13;
pars.deltatime = 0.05;
pars.nonDecisionTime = 0.4;
pars.switchDimTime = 0;
pars.Tintertrial = 0.5;
pars.Tpenalty = 1;
pars.EV_STEP = [-0.416,-0.3328,-0.2496,-0.1664,-0.0832,-6.5e-08,6.5e-08,0.0832,0.1664,0.2496,0.3328,0.416];
pars.COH = [-0.64,-0.512,-0.384,-0.256,-0.128,-1e-07,1e-07,0.128,0.256,0.384,0.512,0.64];
